Variant_Site	Response_Site	Total_Paths	Path	Length	Sum_Weights	Average_Weight
228	236	0	0	0	0	0
228	243	0	0	0	0	0
228	246	0	0	0	0	0
228	247	0	0	0	0	0
228	250	0	0	0	0	0
228	253	0	0	0	0	0
228	255	0	0	0	0	0
228	258	0	0	0	0	0
228	260	0	0	0	0	0
228	261	0	0	0	0	0
228	264	0	0	0	0	0
228	267	0	0	0	0	0
228	268	0	0	0	0	0
228	274	0	0	0	0	0
228	292	0	0	0	0	0
228	295	0	0	0	0	0
228	299	0	0	0	0	0
228	300	0	0	0	0	0
228	302	0	0	0	0	0
228	304	0	0	0	0	0
228	305	0	0	0	0	0
228	306	0	0	0	0	0
228	307	0	0	0	0	0
228	308	0	0	0	0	0
228	311	0	0	0	0	0
228	327	0	0	0	0	0
228	328	0	0	0	0	0
228	335	0	0	0	0	0
229	236	0	0	0	0	0
229	243	0	0	0	0	0
229	246	1	A229,A249,A233,A246	4	23.9	7.966666666666666
229	247	0	0	0	0	0
229	250	0	0	0	0	0
229	255	0	0	0	0	0
229	295	0	0	0	0	0
229	299	0	0	0	0	0
229	300	0	0	0	0	0
229	305	0	0	0	0	0
229	308	0	0	0	0	0
229	335	0	0	0	0	0
235	255	0	0	0	0	0
236	228	0	0	0	0	0
236	250	0	0	0	0	0
236	253	0	0	0	0	0
236	255	1	A236,A241,A273,A244,A325,A251,A255	7	53.1	8.85
236	260	0	0	0	0	0
236	308	0	0	0	0	0
239	228	0	0	0	0	0
240	247	0	0	0	0	0
240	307	0	0	0	0	0
240	308	0	0	0	0	0
241	308	0	0	0	0	0
242	228	0	0	0	0	0
242	308	0	0	0	0	0
243	308	0	0	0	0	0
244	250	0	0	0	0	0
245	228	0	0	0	0	0
245	308	0	0	0	0	0
246	228	0	0	0	0	0
246	230	0	0	0	0	0
246	260	0	0	0	0	0
246	308	0	0	0	0	0
247	228	0	0	0	0	0
247	308	0	0	0	0	0
248	228	0	0	0	0	0
248	308	0	0	0	0	0
249	228	0	0	0	0	0
249	229	0	0	0	0	0
249	230	0	0	0	0	0
249	231	0	0	0	0	0
249	243	0	0	0	0	0
249	260	0	0	0	0	0
250	228	0	0	0	0	0
250	230	0	0	0	0	0
250	260	0	0	0	0	0
250	308	0	0	0	0	0
252	308	0	0	0	0	0
255	228	0	0	0	0	0
255	229	0	0	0	0	0
255	230	0	0	0	0	0
255	231	0	0	0	0	0
255	233	0	0	0	0	0
255	236	1	A255,A251,A325,A244,A273,A241,A236	7	53.1	8.85
255	261	0	0	0	0	0
255	264	0	0	0	0	0
255	267	0	0	0	0	0
255	268	0	0	0	0	0
255	274	1	A255,A251,A325,A244,A273,A241,A271,A274	8	54.0	7.714285714285714
255	292	0	0	0	0	0
255	295	0	0	0	0	0
255	299	0	0	0	0	0
255	300	0	0	0	0	0
255	302	0	0	0	0	0
255	304	0	0	0	0	0
255	305	0	0	0	0	0
255	306	0	0	0	0	0
255	307	0	0	0	0	0
255	308	0	0	0	0	0
255	327	1	A255,A251,A325,A244,A276,A318,A285,A323,A327	9	47.099999999999994	5.887499999999999
255	335	0	0	0	0	0
256	308	0	0	0	0	0
257	250	0	0	0	0	0
257	260	0	0	0	0	0
257	308	0	0	0	0	0
258	308	0	0	0	0	0
259	228	0	0	0	0	0
259	229	0	0	0	0	0
259	230	0	0	0	0	0
259	233	0	0	0	0	0
259	243	0	0	0	0	0
259	246	0	0	0	0	0
259	250	0	0	0	0	0
259	253	0	0	0	0	0
259	307	0	0	0	0	0
259	308	0	0	0	0	0
260	229	0	0	0	0	0
260	230	0	0	0	0	0
260	253	0	0	0	0	0
260	255	0	0	0	0	0
261	228	0	0	0	0	0
261	229	0	0	0	0	0
261	230	0	0	0	0	0
261	231	0	0	0	0	0
261	233	0	0	0	0	0
261	236	0	0	0	0	0
261	243	0	0	0	0	0
261	246	0	0	0	0	0
261	247	0	0	0	0	0
261	250	0	0	0	0	0
261	253	0	0	0	0	0
261	255	0	0	0	0	0
261	258	0	0	0	0	0
261	264	0	0	0	0	0
261	274	0	0	0	0	0
261	295	0	0	0	0	0
261	299	0	0	0	0	0
261	300	0	0	0	0	0
261	302	0	0	0	0	0
261	304	0	0	0	0	0
261	305	0	0	0	0	0
261	306	0	0	0	0	0
261	307	0	0	0	0	0
261	308	0	0	0	0	0
261	328	0	0	0	0	0
262	268	0	0	0	0	0
262	308	0	0	0	0	0
262	335	0	0	0	0	0
263	250	0	0	0	0	0
263	253	0	0	0	0	0
263	255	0	0	0	0	0
263	267	0	0	0	0	0
263	292	0	0	0	0	0
263	308	0	0	0	0	0
263	327	0	0	0	0	0
263	328	0	0	0	0	0
265	228	0	0	0	0	0
265	255	0	0	0	0	0
265	304	0	0	0	0	0
265	308	0	0	0	0	0
268	228	0	0	0	0	0
268	253	0	0	0	0	0
268	255	0	0	0	0	0
268	258	0	0	0	0	0
268	295	0	0	0	0	0
268	299	0	0	0	0	0
268	300	0	0	0	0	0
268	304	0	0	0	0	0
268	305	0	0	0	0	0
268	306	0	0	0	0	0
268	307	0	0	0	0	0
268	308	0	0	0	0	0
268	311	0	0	0	0	0
268	327	0	0	0	0	0
268	328	0	0	0	0	0
268	335	0	0	0	0	0
270	267	0	0	0	0	0
270	304	0	0	0	0	0
270	305	0	0	0	0	0
270	306	0	0	0	0	0
270	307	0	0	0	0	0
270	308	0	0	0	0	0
271	308	0	0	0	0	0
273	228	0	0	0	0	0
273	229	0	0	0	0	0
273	230	0	0	0	0	0
273	260	0	0	0	0	0
273	261	0	0	0	0	0
273	305	0	0	0	0	0
273	307	0	0	0	0	0
273	308	0	0	0	0	0
273	327	1	A273,A244,A276,A318,A285,A323,A327	7	41.00000000000001	6.833333333333335
273	335	1	A273,A244,A325,A251,A255,A335	6	38.1	7.62
274	308	0	0	0	0	0
275	308	0	0	0	0	0
276	228	0	0	0	0	0
276	307	0	0	0	0	0
276	308	0	0	0	0	0
281	308	0	0	0	0	0
282	228	0	0	0	0	0
282	304	0	0	0	0	0
282	306	0	0	0	0	0
282	307	0	0	0	0	0
282	308	0	0	0	0	0
285	228	0	0	0	0	0
285	304	0	0	0	0	0
285	306	0	0	0	0	0
285	307	0	0	0	0	0
285	308	0	0	0	0	0
290	306	0	0	0	0	0
290	308	0	0	0	0	0
291	308	0	0	0	0	0
292	228	0	0	0	0	0
292	260	0	0	0	0	0
292	308	0	0	0	0	0
293	299	0	0	0	0	0
293	307	0	0	0	0	0
293	308	0	0	0	0	0
294	300	0	0	0	0	0
295	308	0	0	0	0	0
301	236	0	0	0	0	0
303	267	0	0	0	0	0
305	228	0	0	0	0	0
305	299	0	0	0	0	0
305	300	0	0	0	0	0
305	308	0	0	0	0	0
306	228	0	0	0	0	0
307	255	0	0	0	0	0
307	300	0	0	0	0	0
308	228	0	0	0	0	0
308	260	0	0	0	0	0
309	228	0	0	0	0	0
310	299	0	0	0	0	0
310	306	0	0	0	0	0
311	304	0	0	0	0	0
311	305	0	0	0	0	0
312	228	0	0	0	0	0
313	264	0	0	0	0	0
313	267	0	0	0	0	0
313	295	0	0	0	0	0
313	299	0	0	0	0	0
313	300	0	0	0	0	0
313	302	0	0	0	0	0
313	304	0	0	0	0	0
313	305	0	0	0	0	0
313	306	0	0	0	0	0
313	307	0	0	0	0	0
313	308	0	0	0	0	0
315	228	0	0	0	0	0
315	308	0	0	0	0	0
315	335	0	0	0	0	0
316	308	0	0	0	0	0
316	335	0	0	0	0	0
318	228	0	0	0	0	0
318	302	0	0	0	0	0
318	304	0	0	0	0	0
318	305	0	0	0	0	0
318	306	0	0	0	0	0
318	308	0	0	0	0	0
318	335	1	A318,A276,A244,A325,A251,A255,A335	7	38.7	6.45
319	335	0	0	0	0	0
320	308	0	0	0	0	0
320	335	0	0	0	0	0
321	228	0	0	0	0	0
321	229	0	0	0	0	0
321	230	0	0	0	0	0
321	236	0	0	0	0	0
321	295	0	0	0	0	0
321	299	0	0	0	0	0
321	304	0	0	0	0	0
321	305	0	0	0	0	0
321	306	0	0	0	0	0
321	307	0	0	0	0	0
321	308	0	0	0	0	0
321	335	0	0	0	0	0
322	228	0	0	0	0	0
322	335	1	A322,A276,A244,A325,A251,A255,A335	7	39.4	6.566666666666666
323	308	0	0	0	0	0
324	295	0	0	0	0	0
324	299	0	0	0	0	0
324	304	0	0	0	0	0
324	305	0	0	0	0	0
324	306	0	0	0	0	0
324	307	0	0	0	0	0
324	308	0	0	0	0	0
324	335	0	0	0	0	0
325	308	0	0	0	0	0
329	307	0	0	0	0	0
329	308	0	0	0	0	0
330	308	0	0	0	0	0
332	228	0	0	0	0	0
332	307	0	0	0	0	0
332	308	0	0	0	0	0
333	228	0	0	0	0	0
333	306	0	0	0	0	0
333	307	0	0	0	0	0
333	308	0	0	0	0	0
333	328	0	0	0	0	0
334	228	0	0	0	0	0
334	299	0	0	0	0	0
334	305	0	0	0	0	0
334	307	0	0	0	0	0
334	308	0	0	0	0	0
335	228	0	0	0	0	0
335	255	0	0	0	0	0
335	260	0	0	0	0	0
335	261	0	0	0	0	0
335	295	0	0	0	0	0
335	299	0	0	0	0	0
335	304	0	0	0	0	0
335	305	0	0	0	0	0
335	306	0	0	0	0	0
335	308	0	0	0	0	0
336	327	1	A336,A255,A251,A325,A244,A276,A318,A285,A323,A327	10	54.4	6.044444444444444
337	327	1	A337,A334,A336,A255,A251,A325,A244,A276,A318,A285,A323,A327	12	65.19999999999999	5.927272727272726
338	327	0	0	0	0	0
339	228	0	0	0	0	0
343	228	0	0	0	0	0
343	260	0	0	0	0	0
344	260	0	0	0	0	0
344	292	0	0	0	0	0
345	260	0	0	0	0	0
345	311	0	0	0	0	0
346	228	0	0	0	0	0
346	229	0	0	0	0	0
346	230	0	0	0	0	0
346	233	0	0	0	0	0
346	253	0	0	0	0	0
346	255	0	0	0	0	0
346	258	0	0	0	0	0
346	260	0	0	0	0	0
346	261	0	0	0	0	0
346	292	0	0	0	0	0
346	335	0	0	0	0	0
347	228	0	0	0	0	0
347	229	0	0	0	0	0
347	230	0	0	0	0	0
347	233	0	0	0	0	0
347	243	0	0	0	0	0
347	247	0	0	0	0	0
347	250	0	0	0	0	0
347	253	0	0	0	0	0
347	255	0	0	0	0	0
347	258	0	0	0	0	0
347	260	0	0	0	0	0
347	307	0	0	0	0	0
347	308	0	0	0	0	0
348	228	0	0	0	0	0
348	230	0	0	0	0	0
348	255	0	0	0	0	0
348	260	0	0	0	0	0
348	308	0	0	0	0	0
349	228	0	0	0	0	0
349	260	0	0	0	0	0
349	261	0	0	0	0	0
349	292	0	0	0	0	0
350	228	0	0	0	0	0
350	229	0	0	0	0	0
350	230	0	0	0	0	0
350	231	0	0	0	0	0
350	233	0	0	0	0	0
350	236	0	0	0	0	0
350	243	0	0	0	0	0
350	246	0	0	0	0	0
350	260	0	0	0	0	0
350	261	0	0	0	0	0
351	228	0	0	0	0	0
351	229	0	0	0	0	0
351	230	0	0	0	0	0
351	231	0	0	0	0	0
351	258	0	0	0	0	0
351	260	0	0	0	0	0
351	261	0	0	0	0	0
351	308	0	0	0	0	0
